time;V(/in);
0;0;
1e-07;0.000628318;
2e-07;0.00125664;
4e-07;0.00251327;
8e-07;0.00502653;
1.6e-06;0.0100529;
2.39137e-06;0.0150249;
3.57633e-06;0.0224689;
5.94626e-06;0.0373528;
1.06861e-05;0.0670924;
2.01658e-05;0.126367;
3.01658e-05;0.188405;
4.01658e-05;0.249699;
5.01658e-05;0.310008;
6.01658e-05;0.369093;
7.01658e-05;0.426722;
8.01658e-05;0.482666;
9.01658e-05;0.536706;
0.000100166;0.588628;
0.000110166;0.638226;
0.000120166;0.685306;
0.000130166;0.729681;
0.000140166;0.771177;
0.000150166;0.809629;
0.000160166;0.844886;
0.000170166;0.876808;
0.000180166;0.90527;
0.000190166;0.93016;
0.000200166;0.951378;
0.000210166;0.968842;
0.000220166;0.982482;
0.000230166;0.992245;
0.000240166;0.998092;
0.000250166;0.999999;
0.000260166;0.997961;
0.000270166;0.991984;
0.000280166;0.982091;
0.000290166;0.968324;
0.000300166;0.950734;
0.000310166;0.929392;
0.000320166;0.904383;
0.000330166;0.875804;
0.000340166;0.843769;
0.000350166;0.808404;
0.000360166;0.769849;
0.000370166;0.728255;
0.000380166;0.683787;
0.000390166;0.636621;
0.000400166;0.586942;
0.000410166;0.534947;
0.000420166;0.48084;
0.000430166;0.424836;
0.000440166;0.367156;
0.000450166;0.308026;
0.000460166;0.247681;
0.000470166;0.186358;
0.000480166;0.124299;
0.000490166;0.0617506;
0.000500166;-0.00104193;
0.000510166;-0.0638304;
0.000520166;-0.126367;
0.000530166;-0.188405;
0.000540166;-0.249699;
0.000550166;-0.310008;
0.000560166;-0.369093;
0.000570166;-0.426722;
0.000580166;-0.482666;
0.000590166;-0.536706;
0.000600166;-0.588628;
0.000610166;-0.638226;
0.000620166;-0.685306;
0.000630166;-0.729681;
0.000640166;-0.771177;
0.000650166;-0.809629;
0.000660166;-0.844886;
0.000670166;-0.876808;
0.000680166;-0.90527;
0.000690166;-0.93016;
0.000700166;-0.951378;
0.000710166;-0.968842;
0.000720166;-0.982482;
0.000730166;-0.992245;
0.000740166;-0.998092;
0.000750166;-0.999999;
0.000760166;-0.997961;
0.000770166;-0.991984;
0.000780166;-0.982091;
0.000790166;-0.968324;
0.000800166;-0.950734;
0.000810166;-0.929392;
0.000820166;-0.904383;
0.000830166;-0.875804;
0.000840166;-0.843769;
0.000850166;-0.808404;
0.000860166;-0.769849;
0.000870166;-0.728255;
0.000880166;-0.683787;
0.000890166;-0.636621;
0.000900166;-0.586942;
0.000910166;-0.534947;
0.000920166;-0.48084;
0.000930166;-0.424836;
0.000940166;-0.367156;
0.000950166;-0.308026;
0.000960166;-0.247681;
0.000970166;-0.186358;
0.000980166;-0.124299;
0.000990166;-0.0617506;
0.00100017;0.00104193;
0.00101017;0.0638304;
0.00102017;0.126367;
0.00103017;0.188405;
0.00104017;0.249699;
0.00105017;0.310008;
0.00106017;0.369093;
0.00107017;0.426722;
0.00108017;0.482666;
0.00109017;0.536706;
0.00110017;0.588628;
0.00111017;0.638226;
0.00112017;0.685306;
0.00113017;0.729681;
0.00114017;0.771177;
0.00115017;0.809629;
0.00116017;0.844886;
0.00117017;0.876808;
0.00118017;0.90527;
0.00119017;0.93016;
0.00120017;0.951378;
0.00121017;0.968842;
0.00122017;0.982482;
0.00123017;0.992245;
0.00124017;0.998092;
0.00125017;0.999999;
0.00126017;0.997961;
0.00127017;0.991984;
0.00128017;0.982091;
0.00129017;0.968324;
0.00130017;0.950734;
0.00131017;0.929392;
0.00132017;0.904383;
0.00133017;0.875804;
0.00134017;0.843769;
0.00135017;0.808404;
0.00136017;0.769849;
0.00137017;0.728255;
0.00138017;0.683787;
0.00139017;0.636621;
0.00140017;0.586942;
0.00141017;0.534947;
0.00142017;0.48084;
0.00143017;0.424836;
0.00144017;0.367156;
0.00145017;0.308026;
0.00146017;0.247681;
0.00147017;0.186358;
0.00148017;0.124299;
0.00149017;0.0617506;
0.00150017;-0.00104193;
0.00151017;-0.0638304;
0.00152017;-0.126367;
0.00153017;-0.188405;
0.00154017;-0.249699;
0.00155017;-0.310008;
0.00156017;-0.369093;
0.00157017;-0.426722;
0.00158017;-0.482666;
0.00159017;-0.536706;
0.00160017;-0.588628;
0.00161017;-0.638226;
0.00162017;-0.685306;
0.00163017;-0.729681;
0.00164017;-0.771177;
0.00165017;-0.809629;
0.00166017;-0.844886;
0.00167017;-0.876808;
0.00168017;-0.90527;
0.00169017;-0.93016;
0.00170017;-0.951378;
0.00171017;-0.968842;
0.00172017;-0.982482;
0.00173017;-0.992245;
0.00174017;-0.998092;
0.00175017;-0.999999;
0.00176017;-0.997961;
0.00177017;-0.991984;
0.00178017;-0.982091;
0.00179017;-0.968324;
0.00180017;-0.950734;
0.00181017;-0.929392;
0.00182017;-0.904383;
0.00183017;-0.875804;
0.00184017;-0.843769;
0.00185017;-0.808404;
0.00186017;-0.769849;
0.00187017;-0.728255;
0.00188017;-0.683787;
0.00189017;-0.636621;
0.00190017;-0.586942;
0.00191017;-0.534947;
0.00192017;-0.48084;
0.00193017;-0.424836;
0.00194017;-0.367156;
0.00195017;-0.308026;
0.00196017;-0.247681;
0.00197017;-0.186358;
0.00198017;-0.124299;
0.00199017;-0.0617506;
0.00200017;0.00104193;
0.00201017;0.0638304;
0.00202017;0.126367;
0.00203017;0.188405;
0.00204017;0.249699;
0.00205017;0.310008;
0.00206017;0.369093;
0.00207017;0.426722;
0.00208017;0.482666;
0.00209017;0.536706;
0.00210017;0.588628;
0.00211017;0.638226;
0.00212017;0.685306;
0.00213017;0.729681;
0.00214017;0.771177;
0.00215017;0.809629;
0.00216017;0.844886;
0.00217017;0.876808;
0.00218017;0.90527;
0.00219017;0.93016;
0.00220017;0.951378;
0.00221017;0.968842;
0.00222017;0.982482;
0.00223017;0.992245;
0.00224017;0.998092;
0.00225017;0.999999;
0.00226017;0.997961;
0.00227017;0.991984;
0.00228017;0.982091;
0.00229017;0.968324;
0.00230017;0.950734;
0.00231017;0.929392;
0.00232017;0.904383;
0.00233017;0.875804;
0.00234017;0.843769;
0.00235017;0.808404;
0.00236017;0.769849;
0.00237017;0.728255;
0.00238017;0.683787;
0.00239017;0.636621;
0.00240017;0.586942;
0.00241017;0.534947;
0.00242017;0.48084;
0.00243017;0.424836;
0.00244017;0.367156;
0.00245017;0.308026;
0.00246017;0.247681;
0.00247017;0.186358;
0.00248017;0.124299;
0.00249017;0.0617506;
0.00250017;-0.00104193;
0.00251017;-0.0638304;
0.00252017;-0.126367;
0.00253017;-0.188405;
0.00254017;-0.249699;
0.00255017;-0.310008;
0.00256017;-0.369093;
0.00257017;-0.426722;
0.00258017;-0.482666;
0.00259017;-0.536706;
0.00260017;-0.588628;
0.00261017;-0.638226;
0.00262017;-0.685306;
0.00263017;-0.729681;
0.00264017;-0.771177;
0.00265017;-0.809629;
0.00266017;-0.844886;
0.00267017;-0.876808;
0.00268017;-0.90527;
0.00269017;-0.93016;
0.00270017;-0.951378;
0.00271017;-0.968842;
0.00272017;-0.982482;
0.00273017;-0.992245;
0.00274017;-0.998092;
0.00275017;-0.999999;
0.00276017;-0.997961;
0.00277017;-0.991984;
0.00278017;-0.982091;
0.00279017;-0.968324;
0.00280017;-0.950734;
0.00281017;-0.929392;
0.00282017;-0.904383;
0.00283017;-0.875804;
0.00284017;-0.843769;
0.00285017;-0.808404;
0.00286017;-0.769849;
0.00287017;-0.728255;
0.00288017;-0.683787;
0.00289017;-0.636621;
0.00290017;-0.586942;
0.00291017;-0.534947;
0.00292017;-0.48084;
0.00293017;-0.424836;
0.00294017;-0.367156;
0.00295017;-0.308026;
0.00296017;-0.247681;
0.00297017;-0.186358;
0.00298017;-0.124299;
0.00299017;-0.0617506;
0.00300017;0.00104193;
0.00301017;0.0638304;
0.00302017;0.126367;
0.00303017;0.188405;
0.00304017;0.249699;
0.00305017;0.310008;
0.00306017;0.369093;
0.00307017;0.426722;
0.00308017;0.482666;
0.00309017;0.536706;
0.00310017;0.588628;
0.00311017;0.638226;
0.00312017;0.685306;
0.00313017;0.729681;
0.00314017;0.771177;
0.00315017;0.809629;
0.00316017;0.844886;
0.00317017;0.876808;
0.00318017;0.90527;
0.00319017;0.93016;
0.00320017;0.951378;
0.00321017;0.968842;
0.00322017;0.982482;
0.00323017;0.992245;
0.00324017;0.998092;
0.00325017;0.999999;
0.00326017;0.997961;
0.00327017;0.991984;
0.00328017;0.982091;
0.00329017;0.968324;
0.00330017;0.950734;
0.00331017;0.929392;
0.00332017;0.904383;
0.00333017;0.875804;
0.00334017;0.843769;
0.00335017;0.808404;
0.00336017;0.769849;
0.00337017;0.728255;
0.00338017;0.683787;
0.00339017;0.636621;
0.00340017;0.586942;
0.00341017;0.534947;
0.00342017;0.48084;
0.00343017;0.424836;
0.00344017;0.367156;
0.00345017;0.308026;
0.00346017;0.247681;
0.00347017;0.186358;
0.00348017;0.124299;
0.00349017;0.0617506;
0.00350017;-0.00104193;
0.00351017;-0.0638304;
0.00352017;-0.126367;
0.00353017;-0.188405;
0.00354017;-0.249699;
0.00355017;-0.310008;
0.00356017;-0.369093;
0.00357017;-0.426722;
0.00358017;-0.482666;
0.00359017;-0.536706;
0.00360017;-0.588628;
0.00361017;-0.638226;
0.00362017;-0.685306;
0.00363017;-0.729681;
0.00364017;-0.771177;
0.00365017;-0.809629;
0.00366017;-0.844886;
0.00367017;-0.876808;
0.00368017;-0.90527;
0.00369017;-0.93016;
0.00370017;-0.951378;
0.00371017;-0.968842;
0.00372017;-0.982482;
0.00373017;-0.992245;
0.00374017;-0.998092;
0.00375017;-0.999999;
0.00376017;-0.997961;
0.00377017;-0.991984;
0.00378017;-0.982091;
0.00379017;-0.968324;
0.00380017;-0.950734;
0.00381017;-0.929392;
0.00382017;-0.904383;
0.00383017;-0.875804;
0.00384017;-0.843769;
0.00385017;-0.808404;
0.00386017;-0.769849;
0.00387017;-0.728255;
0.00388017;-0.683787;
0.00389017;-0.636621;
0.00390017;-0.586942;
0.00391017;-0.534947;
0.00392017;-0.48084;
0.00393017;-0.424836;
0.00394017;-0.367156;
0.00395017;-0.308026;
0.00396017;-0.247681;
0.00397017;-0.186358;
0.00398017;-0.124299;
0.00399017;-0.0617506;
0.00400017;0.00104193;
0.00401017;0.0638304;
0.00402017;0.126367;
0.00403017;0.188405;
0.00404017;0.249699;
0.00405017;0.310008;
0.00406017;0.369093;
0.00407017;0.426722;
0.00408017;0.482666;
0.00409017;0.536706;
0.00410017;0.588628;
0.00411017;0.638226;
0.00412017;0.685306;
0.00413017;0.729681;
0.00414017;0.771177;
0.00415017;0.809629;
0.00416017;0.844886;
0.00417017;0.876808;
0.00418017;0.90527;
0.00419017;0.93016;
0.00420017;0.951378;
0.00421017;0.968842;
0.00422017;0.982482;
0.00423017;0.992245;
0.00424017;0.998092;
0.00425017;0.999999;
0.00426017;0.997961;
0.00427017;0.991984;
0.00428017;0.982091;
0.00429017;0.968324;
0.00430017;0.950734;
0.00431017;0.929392;
0.00432017;0.904383;
0.00433017;0.875804;
0.00434017;0.843769;
0.00435017;0.808404;
0.00436017;0.769849;
0.00437017;0.728255;
0.00438017;0.683787;
0.00439017;0.636621;
0.00440017;0.586942;
0.00441017;0.534947;
0.00442017;0.48084;
0.00443017;0.424836;
0.00444017;0.367156;
0.00445017;0.308026;
0.00446017;0.247681;
0.00447017;0.186358;
0.00448017;0.124299;
0.00449017;0.0617506;
0.00450017;-0.00104193;
0.00451017;-0.0638304;
0.00452017;-0.126367;
0.00453017;-0.188405;
0.00454017;-0.249699;
0.00455017;-0.310008;
0.00456017;-0.369093;
0.00457017;-0.426722;
0.00458017;-0.482666;
0.00459017;-0.536706;
0.00460017;-0.588628;
0.00461017;-0.638226;
0.00462017;-0.685306;
0.00463017;-0.729681;
0.00464017;-0.771177;
0.00465017;-0.809629;
0.00466017;-0.844886;
0.00467017;-0.876808;
0.00468017;-0.90527;
0.00469017;-0.93016;
0.00470017;-0.951378;
0.00471017;-0.968842;
0.00472017;-0.982482;
0.00473017;-0.992245;
0.00474017;-0.998092;
0.00475017;-0.999999;
0.00476017;-0.997961;
0.00477017;-0.991984;
0.00478017;-0.982091;
0.00479017;-0.968324;
0.00480017;-0.950734;
0.00481017;-0.929392;
0.00482017;-0.904383;
0.00483017;-0.875804;
0.00484017;-0.843769;
0.00485017;-0.808404;
0.00486017;-0.769849;
0.00487017;-0.728255;
0.00488017;-0.683787;
0.00489017;-0.636621;
0.00490017;-0.586942;
0.00491017;-0.534947;
0.00492017;-0.48084;
0.00493017;-0.424836;
0.00494017;-0.367156;
0.00495017;-0.308026;
0.00496017;-0.247681;
0.00497017;-0.186358;
0.00498017;-0.124299;
0.00499017;-0.0617506;
0.00500017;0.00104193;
0.00501017;0.0638304;
0.00502017;0.126367;
0.00503017;0.188405;
0.00504017;0.249699;
0.00505017;0.310008;
0.00506017;0.369093;
0.00507017;0.426722;
0.00508017;0.482666;
0.00509017;0.536706;
0.00510017;0.588628;
0.00511017;0.638226;
0.00512017;0.685306;
0.00513017;0.729681;
0.00514017;0.771177;
0.00515017;0.809629;
0.00516017;0.844886;
0.00517017;0.876808;
0.00518017;0.90527;
0.00519017;0.93016;
0.00520017;0.951378;
0.00521017;0.968842;
0.00522017;0.982482;
0.00523017;0.992245;
0.00524017;0.998092;
0.00525017;0.999999;
0.00526017;0.997961;
0.00527017;0.991984;
0.00528017;0.982091;
0.00529017;0.968324;
0.00530017;0.950734;
0.00531017;0.929392;
0.00532017;0.904383;
0.00533017;0.875804;
0.00534017;0.843769;
0.00535017;0.808404;
0.00536017;0.769849;
0.00537017;0.728255;
0.00538017;0.683787;
0.00539017;0.636621;
0.00540017;0.586942;
0.00541017;0.534947;
0.00542017;0.48084;
0.00543017;0.424836;
0.00544017;0.367156;
0.00545017;0.308026;
0.00546017;0.247681;
0.00547017;0.186358;
0.00548017;0.124299;
0.00549017;0.0617506;
0.00550017;-0.00104193;
0.00551017;-0.0638304;
0.00552017;-0.126367;
0.00553017;-0.188405;
0.00554017;-0.249699;
0.00555017;-0.310008;
0.00556017;-0.369093;
0.00557017;-0.426722;
0.00558017;-0.482666;
0.00559017;-0.536706;
0.00560017;-0.588628;
0.00561017;-0.638226;
0.00562017;-0.685306;
0.00563017;-0.729681;
0.00564017;-0.771177;
0.00565017;-0.809629;
0.00566017;-0.844886;
0.00567017;-0.876808;
0.00568017;-0.90527;
0.00569017;-0.93016;
0.00570017;-0.951378;
0.00571017;-0.968842;
0.00572017;-0.982482;
0.00573017;-0.992245;
0.00574017;-0.998092;
0.00575017;-0.999999;
0.00576017;-0.997961;
0.00577017;-0.991984;
0.00578017;-0.982091;
0.00579017;-0.968324;
0.00580017;-0.950734;
0.00581017;-0.929392;
0.00582017;-0.904383;
0.00583017;-0.875804;
0.00584017;-0.843769;
0.00585017;-0.808404;
0.00586017;-0.769849;
0.00587017;-0.728255;
0.00588017;-0.683787;
0.00589017;-0.636621;
0.00590017;-0.586942;
0.00591017;-0.534947;
0.00592017;-0.48084;
0.00593017;-0.424836;
0.00594017;-0.367156;
0.00595017;-0.308026;
0.00596017;-0.247681;
0.00597017;-0.186358;
0.00598017;-0.124299;
0.00599017;-0.0617506;
0.00600017;0.00104193;
0.00601017;0.0638304;
0.00602017;0.126367;
0.00603017;0.188405;
0.00604017;0.249699;
0.00605017;0.310008;
0.00606017;0.369093;
0.00607017;0.426722;
0.00608017;0.482666;
0.00609017;0.536706;
0.00610017;0.588628;
0.00611017;0.638226;
0.00612017;0.685306;
0.00613017;0.729681;
0.00614017;0.771177;
0.00615017;0.809629;
0.00616017;0.844886;
0.00617017;0.876808;
0.00618017;0.90527;
0.00619017;0.93016;
0.00620017;0.951378;
0.00621017;0.968842;
0.00622017;0.982482;
0.00623017;0.992245;
0.00624017;0.998092;
0.00625017;0.999999;
0.00626017;0.997961;
0.00627017;0.991984;
0.00628017;0.982091;
0.00629017;0.968324;
0.00630017;0.950734;
0.00631017;0.929392;
0.00632017;0.904383;
0.00633017;0.875804;
0.00634017;0.843769;
0.00635017;0.808404;
0.00636017;0.769849;
0.00637017;0.728255;
0.00638017;0.683787;
0.00639017;0.636621;
0.00640017;0.586942;
0.00641017;0.534947;
0.00642017;0.48084;
0.00643017;0.424836;
0.00644017;0.367156;
0.00645017;0.308026;
0.00646017;0.247681;
0.00647017;0.186358;
0.00648017;0.124299;
0.00649017;0.0617506;
0.00650017;-0.00104193;
0.00651017;-0.0638304;
0.00652017;-0.126367;
0.00653017;-0.188405;
0.00654017;-0.249699;
0.00655017;-0.310008;
0.00656017;-0.369093;
0.00657017;-0.426722;
0.00658017;-0.482666;
0.00659017;-0.536706;
0.00660017;-0.588628;
0.00661017;-0.638226;
0.00662017;-0.685306;
0.00663017;-0.729681;
0.00664017;-0.771177;
0.00665017;-0.809629;
0.00666017;-0.844886;
0.00667017;-0.876808;
0.00668017;-0.90527;
0.00669017;-0.93016;
0.00670017;-0.951378;
0.00671017;-0.968842;
0.00672017;-0.982482;
0.00673017;-0.992245;
0.00674017;-0.998092;
0.00675017;-0.999999;
0.00676017;-0.997961;
0.00677017;-0.991984;
0.00678017;-0.982091;
0.00679017;-0.968324;
0.00680017;-0.950734;
0.00681017;-0.929392;
0.00682017;-0.904383;
0.00683017;-0.875804;
0.00684017;-0.843769;
0.00685017;-0.808404;
0.00686017;-0.769849;
0.00687017;-0.728255;
0.00688017;-0.683787;
0.00689017;-0.636621;
0.00690017;-0.586942;
0.00691017;-0.534947;
0.00692017;-0.48084;
0.00693017;-0.424836;
0.00694017;-0.367156;
0.00695017;-0.308026;
0.00696017;-0.247681;
0.00697017;-0.186358;
0.00698017;-0.124299;
0.00699017;-0.0617506;
0.00700017;0.00104193;
0.00701017;0.0638304;
0.00702017;0.126367;
0.00703017;0.188405;
0.00704017;0.249699;
0.00705017;0.310008;
0.00706017;0.369093;
0.00707017;0.426722;
0.00708017;0.482666;
0.00709017;0.536706;
0.00710017;0.588628;
0.00711017;0.638226;
0.00712017;0.685306;
0.00713017;0.729681;
0.00714017;0.771177;
0.00715017;0.809629;
0.00716017;0.844886;
0.00717017;0.876808;
0.00718017;0.90527;
0.00719017;0.93016;
0.00720017;0.951378;
0.00721017;0.968842;
0.00722017;0.982482;
0.00723017;0.992245;
0.00724017;0.998092;
0.00725017;0.999999;
0.00726017;0.997961;
0.00727017;0.991984;
0.00728017;0.982091;
0.00729017;0.968324;
0.00730017;0.950734;
0.00731017;0.929392;
0.00732017;0.904383;
0.00733017;0.875804;
0.00734017;0.843769;
0.00735017;0.808404;
0.00736017;0.769849;
0.00737017;0.728255;
0.00738017;0.683787;
0.00739017;0.636621;
0.00740017;0.586942;
0.00741017;0.534947;
0.00742017;0.48084;
0.00743017;0.424836;
0.00744017;0.367156;
0.00745017;0.308026;
0.00746017;0.247681;
0.00747017;0.186358;
0.00748017;0.124299;
0.00749017;0.0617506;
0.00750017;-0.00104193;
0.00751017;-0.0638304;
0.00752017;-0.126367;
0.00753017;-0.188405;
0.00754017;-0.249699;
0.00755017;-0.310008;
0.00756017;-0.369093;
0.00757017;-0.426722;
0.00758017;-0.482666;
0.00759017;-0.536706;
0.00760017;-0.588628;
0.00761017;-0.638226;
0.00762017;-0.685306;
0.00763017;-0.729681;
0.00764017;-0.771177;
0.00765017;-0.809629;
0.00766017;-0.844886;
0.00767017;-0.876808;
0.00768017;-0.90527;
0.00769017;-0.93016;
0.00770017;-0.951378;
0.00771017;-0.968842;
0.00772017;-0.982482;
0.00773017;-0.992245;
0.00774017;-0.998092;
0.00775017;-0.999999;
0.00776017;-0.997961;
0.00777017;-0.991984;
0.00778017;-0.982091;
0.00779017;-0.968324;
0.00780017;-0.950734;
0.00781017;-0.929392;
0.00782017;-0.904383;
0.00783017;-0.875804;
0.00784017;-0.843769;
0.00785017;-0.808404;
0.00786017;-0.769849;
0.00787017;-0.728255;
0.00788017;-0.683787;
0.00789017;-0.636621;
0.00790017;-0.586942;
0.00791017;-0.534947;
0.00792017;-0.48084;
0.00793017;-0.424836;
0.00794017;-0.367156;
0.00795017;-0.308026;
0.00796017;-0.247681;
0.00797017;-0.186358;
0.00798017;-0.124299;
0.00799017;-0.0617506;
0.00800017;0.00104193;
0.00801017;0.0638304;
0.00802017;0.126367;
0.00803017;0.188405;
0.00804017;0.249699;
0.00805017;0.310008;
0.00806017;0.369093;
0.00807017;0.426722;
0.00808017;0.482666;
0.00809017;0.536706;
0.00810017;0.588628;
0.00811017;0.638226;
0.00812017;0.685306;
0.00813017;0.729681;
0.00814017;0.771177;
0.00815017;0.809629;
0.00816017;0.844886;
0.00817017;0.876808;
0.00818017;0.90527;
0.00819017;0.93016;
0.00820017;0.951378;
0.00821017;0.968842;
0.00822017;0.982482;
0.00823017;0.992245;
0.00824017;0.998092;
0.00825017;0.999999;
0.00826017;0.997961;
0.00827017;0.991984;
0.00828017;0.982091;
0.00829017;0.968324;
0.00830017;0.950734;
0.00831017;0.929392;
0.00832017;0.904383;
0.00833017;0.875804;
0.00834017;0.843769;
0.00835017;0.808404;
0.00836017;0.769849;
0.00837017;0.728255;
0.00838017;0.683787;
0.00839017;0.636621;
0.00840017;0.586942;
0.00841017;0.534947;
0.00842017;0.48084;
0.00843017;0.424836;
0.00844017;0.367156;
0.00845017;0.308026;
0.00846017;0.247681;
0.00847017;0.186358;
0.00848017;0.124299;
0.00849017;0.0617506;
0.00850017;-0.00104193;
0.00851017;-0.0638304;
0.00852017;-0.126367;
0.00853017;-0.188405;
0.00854017;-0.249699;
0.00855017;-0.310008;
0.00856017;-0.369093;
0.00857017;-0.426722;
0.00858017;-0.482666;
0.00859017;-0.536706;
0.00860017;-0.588628;
0.00861017;-0.638226;
0.00862017;-0.685306;
0.00863017;-0.729681;
0.00864017;-0.771177;
0.00865017;-0.809629;
0.00866017;-0.844886;
0.00867017;-0.876808;
0.00868017;-0.90527;
0.00869017;-0.93016;
0.00870017;-0.951378;
0.00871017;-0.968842;
0.00872017;-0.982482;
0.00873017;-0.992245;
0.00874017;-0.998092;
0.00875017;-0.999999;
0.00876017;-0.997961;
0.00877017;-0.991984;
0.00878017;-0.982091;
0.00879017;-0.968324;
0.00880017;-0.950734;
0.00881017;-0.929392;
0.00882017;-0.904383;
0.00883017;-0.875804;
0.00884017;-0.843769;
0.00885017;-0.808404;
0.00886017;-0.769849;
0.00887017;-0.728255;
0.00888017;-0.683787;
0.00889017;-0.636621;
0.00890017;-0.586942;
0.00891017;-0.534947;
0.00892017;-0.48084;
0.00893017;-0.424836;
0.00894017;-0.367156;
0.00895017;-0.308026;
0.00896017;-0.247681;
0.00897017;-0.186358;
0.00898017;-0.124299;
0.00899017;-0.0617506;
0.00900017;0.00104193;
0.00901017;0.0638304;
0.00902017;0.126367;
0.00903017;0.188405;
0.00904017;0.249699;
0.00905017;0.310008;
0.00906017;0.369093;
0.00907017;0.426722;
0.00908017;0.482666;
0.00909017;0.536706;
0.00910017;0.588628;
0.00911017;0.638226;
0.00912017;0.685306;
0.00913017;0.729681;
0.00914017;0.771177;
0.00915017;0.809629;
0.00916017;0.844886;
0.00917017;0.876808;
0.00918017;0.90527;
0.00919017;0.93016;
0.00920017;0.951378;
0.00921017;0.968842;
0.00922017;0.982482;
0.00923017;0.992245;
0.00924017;0.998092;
0.00925017;0.999999;
0.00926017;0.997961;
0.00927017;0.991984;
0.00928017;0.982091;
0.00929017;0.968324;
0.00930017;0.950734;
0.00931017;0.929392;
0.00932017;0.904383;
0.00933017;0.875804;
0.00934017;0.843769;
0.00935017;0.808404;
0.00936017;0.769849;
0.00937017;0.728255;
0.00938017;0.683787;
0.00939017;0.636621;
0.00940017;0.586942;
0.00941017;0.534947;
0.00942017;0.48084;
0.00943017;0.424836;
0.00944017;0.367156;
0.00945017;0.308026;
0.00946017;0.247681;
0.00947017;0.186358;
0.00948017;0.124299;
0.00949017;0.0617506;
0.00950017;-0.00104193;
0.00951017;-0.0638304;
0.00952017;-0.126367;
0.00953017;-0.188405;
0.00954017;-0.249699;
0.00955017;-0.310008;
0.00956017;-0.369093;
0.00957017;-0.426722;
0.00958017;-0.482666;
0.00959017;-0.536706;
0.00960017;-0.588628;
0.00961017;-0.638226;
0.00962017;-0.685306;
0.00963017;-0.729681;
0.00964017;-0.771177;
0.00965017;-0.809629;
0.00966017;-0.844886;
0.00967017;-0.876808;
0.00968017;-0.90527;
0.00969017;-0.93016;
0.00970017;-0.951378;
0.00971017;-0.968842;
0.00972017;-0.982482;
0.00973017;-0.992245;
0.00974017;-0.998092;
0.00975017;-0.999999;
0.00976017;-0.997961;
0.00977017;-0.991984;
0.00978017;-0.982091;
0.00979017;-0.968324;
0.00980017;-0.950734;
0.00981017;-0.929392;
0.00982017;-0.904383;
0.00983017;-0.875804;
0.00984017;-0.843769;
0.00985017;-0.808404;
0.00986017;-0.769849;
0.00987017;-0.728255;
0.00988017;-0.683787;
0.00989017;-0.636621;
0.00990017;-0.586942;
0.00991017;-0.534947;
0.00992017;-0.48084;
0.00993017;-0.424836;
0.00994017;-0.367156;
0.00995017;-0.308026;
0.00996017;-0.247681;
0.00997017;-0.186358;
0.00998017;-0.124299;
0.00999017;-0.0617506;
0.01;-2.44929e-15;
